2003 1 1 20.5 24.4 28.3 -1 0 7.1 
2003 1 2 17.2 22.2 28.8 -1 0 3.5 
2003 1 3 17.2 20.5 23.3 -1 5 8.0 
2003 1 4 7.7 12.7 16.6 -1 0 5.8 
2003 1 5 7.2 13.8 23.3 -1 0 3.5 
2003 1 6 7.2 16.1 23.3 -1 0 5.8 
2003 1 7 7.7 13.8 22.2 -1 0 6.2 
2003 1 8 8.3 14.4 21.6 -1 0 5.3 
2003 1 9 5.0 13.8 22.7 -1 0 4.0 
2003 1 10 5.0 16.6 25.5 -1 0 5.8 
2003 1 11 12.7 18.8 26.6 -1 0 3.5 
2003 1 12 12.7 19.4 26.6 -1 0 4.0 
2003 1 14 13.8 18.3 25.0 -1 3 6.2 
2003 1 15 10.5 15.0 21.6 -1 0 6.2 
2003 1 16 11.1 16.6 23.8 -1 0 4.9 
2003 1 17 8.3 16.6 25.0 -1 0 8.0 
2003 1 18 6.1 9.4 13.3 -1 0 6.7 
2003 1 19 1.6 10.5 17.2 -1 0 6.7 
2003 1 20 6.1 12.7 18.8 -1 0 3.5 
2003 1 21 6.1 13.8 23.3 -1 0 3.5 
2003 1 22 5.5 15.5 25.5 -1 0 3.5 
2003 1 23 6.6 16.6 26.1 -1 0 8.4 
2003 1 24 2.2 10.0 14.4 -1 0 8.0 
2003 1 25 2.2 13.3 20.5 -1 0 6.2 
2003 1 26 5.5 16.1 24.4 -1 -1 4.9 
2003 1 27 7.2 14.4 24.4 -1 0 6.7 
2003 1 28 6.1 14.4 21.6 -1 0 6.7 
2003 1 29 6.1 18.8 24.4 -1 0 5.8 
2003 1 30 12.2 18.3 26.6 -1 0 4.9 
2003 1 31 12.2 20.0 27.2 -1 0 4.9 
2003 2 1 11.6 18.3 27.2 -1 0 6.7 
2003 2 2 6.1 15.0 26.1 -1 0 3.5 
2003 2 3 6.1 17.2 25.0 -1 0 4.0 
2003 2 4 10.0 19.4 27.7 -1 0 5.3 
2003 2 5 10.0 20.5 27.7 -1 0 4.9 
2003 2 6 13.8 21.1 27.7 -1 0 5.3 
2003 2 7 13.8 22.2 31.1 -1 0 4.9 
2003 2 8 17.2 21.6 27.2 -1 0 4.9 
2003 2 9 14.4 21.6 28.3 -1 0 5.3 
2003 2 10 14.4 23.8 31.1 -1 0 6.7 
2003 2 11 15.0 21.6 31.1 -1 0 4.9 
2003 2 12 11.6 18.3 28.3 -1 0 3.5 
2003 2 13 11.1 17.7 26.1 -1 0 5.8 
2003 2 14 11.1 18.8 25.0 -1 0 6.7 
2003 2 15 12.2 22.2 27.7 -1 0 5.8 
2003 2 16 22.2 24.4 29.4 -1 0 5.8 
2003 2 17 17.2 22.2 28.8 -1 0 7.1 
2003 2 18 12.2 17.7 26.6 -1 0 4.0 
2003 2 19 12.2 20.5 28.3 -1 0 5.3 
2003 2 20 12.7 23.3 28.8 -1 58 6.7 
2003 2 21 19.4 24.4 29.4 -1 0 5.8 
2003 2 22 20.0 25.0 29.4 -1 0 8.0 
2003 2 23 17.7 22.2 29.4 -1 13 6.7 
2003 2 24 14.4 20.0 27.2 -1 0 7.1 
2003 2 25 14.4 22.2 28.3 -1 3 5.3 
2003 2 26 17.7 23.3 28.8 -1 0 4.9 
2003 2 27 17.2 23.8 31.1 -1 0 5.3 
2003 2 28 16.1 24.4 31.6 -1 0 5.3 
2003 3 1 18.8 24.4 31.6 -1 0 4.9 
2003 3 2 19.4 25.5 32.2 -1 0 6.7 
2003 3 3 18.8 23.8 32.2 -1 5 3.5 
2003 3 4 18.8 26.1 32.2 -1 0 5.3 
2003 3 5 20.0 25.0 32.2 -1 0 5.3 
2003 3 6 20.0 26.1 31.6 -1 0 4.0 
2003 3 7 22.2 26.6 32.2 -1 0 5.3 
2003 3 8 18.3 24.4 32.2 -1 0 4.0 
2003 3 9 18.8 25.5 31.6 -1 0 4.0 
2003 3 10 18.8 24.4 28.8 -1 0 4.9 
2003 3 11 18.8 24.4 31.6 -1 0 4.0 
2003 3 12 17.7 24.4 31.6 -1 0 3.5 
2003 3 13 17.7 25.0 31.1 -1 0 5.3 
2003 3 14 20.0 25.5 31.6 -1 -1 4.0 
2003 3 15 20.0 25.5 31.6 -1 -1 9.3 
2003 3 16 18.8 23.8 30.5 -1 5 6.2 
2003 3 17 18.8 25.0 30.0 -1 18 5.8 
2003 3 18 17.7 24.4 30.5 -1 8 7.1 
2003 3 19 23.8 27.2 31.1 -1 0 5.3 
2003 3 20 24.4 27.7 32.2 -1 0 5.8 
2003 3 21 25.0 27.7 31.6 -1 0 6.2 
2003 3 22 22.7 27.7 33.3 -1 5 6.2 
2003 3 23 19.4 23.8 33.3 -1 0 7.1 
2003 3 24 19.4 22.7 31.6 -1 5 6.7 
2003 3 25 11.6 20.5 27.7 -1 0 6.7 
2003 3 26 11.6 22.2 27.7 -1 0 4.0 
2003 3 27 14.4 22.7 27.7 -1 10 6.2 
2003 3 28 17.7 23.3 30.0 -1 15 4.0 
2003 3 29 16.6 22.7 30.5 -1 0 4.0 
2003 3 30 16.6 22.2 30.5 -1 0 8.4 
2003 3 31 12.2 15.5 18.3 -1 3 9.8 
2003 4 1 10.0 15.5 22.7 -1 0 8.0 
2003 4 2 10.0 21.1 25.5 -1 0 8.0 
2003 4 3 14.4 21.1 27.2 -1 0 5.3 
2003 4 4 14.4 23.3 28.3 -1 0 6.2 
2003 4 5 18.8 23.3 27.7 -1 0 4.9 
2003 4 6 17.7 24.4 30.0 -1 0 6.7 
2003 4 7 20.5 26.1 30.0 -1 0 6.7 
2003 4 8 22.2 25.5 29.4 -1 0 6.7 
2003 4 9 19.4 25.0 29.4 -1 0 6.2 
2003 4 10 13.3 21.1 29.4 -1 0 8.9 
2003 4 11 12.2 18.3 25.0 -1 0 8.4 
2003 4 12 11.1 18.8 27.2 -1 0 3.5 
2003 4 13 11.1 20.5 27.7 -1 0 3.5 
2003 4 14 12.2 20.5 27.7 -1 0 5.8 
2003 4 15 18.8 22.2 27.7 -1 0 6.7 
2003 4 16 16.6 22.7 28.3 -1 5 5.8 
2003 4 17 22.2 25.5 29.4 -1 3 5.3 
2003 4 18 19.4 25.5 30.0 -1 -1 4.9 
2003 4 19 19.4 25.0 30.0 -1 5 6.7 
2003 4 20 15.5 23.8 29.4 -1 0 5.8 
2003 4 21 17.2 22.7 28.3 -1 0 4.9 
2003 4 22 16.1 23.8 31.1 -1 0 3.5 
2003 4 23 16.1 24.4 31.1 -1 0 4.0 
2003 4 24 16.6 23.8 30.5 -1 0 5.3 
2003 4 25 18.8 25.5 30.5 -1 0 8.0 
2003 4 26 17.7 21.6 30.5 -1 38 11.1 
2003 4 27 16.6 23.3 31.1 -1 38 5.3 
2003 4 28 16.6 23.8 31.1 -1 3 4.0 
2003 4 29 17.7 23.8 31.1 -1 10 11.1 
2003 4 30 20.0 22.2 25.5 -1 33 5.8 
2003 5 1 19.4 25.0 30.5 -1 8 6.7 
2003 5 2 19.4 24.4 31.1 -1 0 6.2 
2003 5 3 18.8 25.0 31.1 -1 8 5.3 
2003 5 4 18.8 25.5 31.1 -1 0 4.0 
2003 5 5 19.4 26.6 31.1 -1 0 4.9 
2003 5 6 21.1 27.2 31.1 -1 0 5.8 
2003 5 7 22.7 26.6 30.0 -1 0 5.8 
2003 5 8 23.8 27.2 31.1 -1 3 5.3 
2003 5 9 23.8 27.7 31.1 -1 0 4.0 
2003 5 10 23.8 27.2 31.1 -1 0 4.9 
2003 5 11 20.5 26.6 32.2 -1 -1 4.0 
2003 5 12 20.5 27.2 33.8 -1 -1 3.5 
2003 5 13 21.6 27.2 33.8 -1 -1 4.9 
2003 5 14 21.1 24.4 33.3 -1 -1 9.3 
2003 5 15 21.1 26.1 32.2 -1 0 4.0 
2003 5 16 21.1 26.1 32.2 -1 0 4.9 
2003 5 17 21.6 27.2 32.2 -1 0 4.9 
2003 5 18 21.6 27.2 32.2 -1 0 5.8 
2003 5 19 22.2 27.7 32.2 -1 0 4.9 
2003 5 20 21.6 27.2 32.2 -1 0 6.7 
2003 5 21 21.1 27.2 32.2 -1 -1 6.2 
2003 5 22 21.1 25.0 31.1 -1 -1 6.2 
2003 5 23 21.6 25.5 31.6 -1 20 7.1 
2003 5 24 21.1 24.4 28.8 -1 15 8.0 
2003 5 25 20.5 23.8 32.2 -1 15 6.7 
2003 5 26 20.5 25.5 31.1 -1 53 5.3 
2003 5 27 21.1 27.2 32.2 -1 3 6.7 
2003 5 28 22.2 25.5 32.2 -1 25 6.7 
2003 5 29 21.1 23.3 30.5 -1 51 6.2 
2003 5 30 19.4 25.5 31.1 -1 10 5.3 
2003 5 31 19.4 26.6 32.7 -1 0 4.9 
2003 6 1 20.5 28.3 33.3 -1 0 6.2 
2003 6 2 22.7 26.6 33.3 -1 5 4.9 
2003 6 3 22.7 27.2 32.7 -1 -1 5.3 
2003 6 4 22.7 27.7 31.6 -1 5 6.7 
2003 6 5 22.7 26.1 31.6 -1 5 4.0 
2003 6 6 22.7 26.6 31.6 -1 3 6.2 
2003 6 7 22.7 27.2 31.6 -1 5 4.9 
2003 6 8 23.3 26.6 31.6 -1 3 4.0 
2003 6 9 22.7 25.5 32.2 -1 10 5.3 
2003 6 10 21.6 25.0 32.2 -1 41 5.3 
2003 6 11 21.6 26.6 31.1 -1 0 4.9 
2003 6 12 21.6 27.2 31.6 -1 23 7.1 
2003 6 13 21.6 27.2 31.6 -1 0 5.3 
2003 6 14 22.2 27.2 31.1 -1 0 3.5 
2003 6 15 22.7 26.1 31.1 -1 3 6.7 
2003 6 16 22.2 26.6 31.1 -1 48 4.9 
2003 6 17 22.2 27.7 31.1 -1 0 6.2 
2003 6 18 22.7 27.2 31.6 -1 8 6.2 
2003 6 19 23.3 27.7 31.6 -1 3 4.9 
2003 6 20 24.4 27.7 33.3 -1 0 4.0 
2003 6 21 23.8 27.2 33.3 -1 0 4.9 
2003 6 22 22.7 24.4 30.5 -1 33 8.0 
2003 6 23 22.7 23.8 30.5 -1 48 4.9 
2003 6 24 22.2 25.0 28.3 -1 8 4.9 
2003 6 25 21.6 26.1 30.5 -1 0 5.3 
2003 6 26 22.7 26.1 30.5 -1 -1 3.5 
2003 6 27 22.7 26.1 30.5 -1 3 5.8 
2003 6 28 22.7 26.6 31.6 -1 0 6.7 
2003 6 29 22.7 28.8 31.6 -1 0 6.2 
2003 6 30 27.2 29.4 32.2 -1 0 6.7 
2003 7 1 23.8 28.3 31.6 -1 0 4.9 
2003 7 2 22.7 26.6 30.5 -1 0 8.0 
2003 7 3 22.7 27.2 31.6 -1 23 4.0 
2003 7 4 22.2 27.7 32.2 -1 -1 5.3 
2003 7 5 23.8 27.7 32.2 -1 0 6.7 
2003 7 6 25.0 28.3 31.6 -1 3 6.2 
2003 7 7 23.8 27.7 31.6 -1 5 6.2 
2003 7 8 23.8 28.8 32.2 -1 0 4.0 
2003 7 9 23.8 28.3 32.2 -1 0 5.8 
2003 7 10 23.8 28.8 32.2 -1 0 4.9 
2003 7 11 25.0 28.8 32.7 -1 0 5.3 
2003 7 12 24.4 28.8 32.7 -1 0 5.3 
2003 7 13 24.4 28.3 32.2 -1 0 5.8 
2003 7 14 25.0 28.3 32.2 -1 0 5.8 
2003 7 15 23.3 28.3 32.7 -1 3 5.3 
2003 7 16 22.2 26.6 32.7 -1 5 7.1 
2003 7 17 22.2 27.2 32.2 -1 8 4.9 
2003 7 18 23.3 28.3 32.2 -1 0 4.9 
2003 7 19 23.3 27.2 32.2 -1 0 4.0 
2003 7 20 21.6 26.6 33.3 -1 0 6.2 
2003 7 21 21.6 27.2 33.3 -1 5 9.8 
2003 7 22 22.7 27.2 33.3 -1 8 5.3 
2003 7 23 22.2 27.2 33.3 -1 0 5.3 
2003 7 24 22.2 26.6 33.3 -1 -1 6.7 
2003 7 25 22.7 27.2 31.6 -1 0 4.9 
2003 7 26 23.3 28.8 32.7 -1 3 6.7 
2003 7 27 23.8 28.3 32.7 -1 5 5.3 
2003 7 28 22.7 26.1 31.6 -1 3 6.2 
2003 7 29 20.0 25.0 33.3 -1 25 10.2 
2003 7 30 20.0 25.5 33.3 -1 41 4.0 
2003 7 31 21.6 26.1 32.7 -1 0 3.5 
2003 8 1 21.6 26.6 32.2 -1 5 4.9 
2003 8 2 23.3 26.1 32.2 -1 3 5.3 
2003 8 3 23.8 26.6 31.6 -1 8 3.5 
2003 8 4 21.6 26.1 31.6 -1 0 9.3 
2003 8 5 22.7 25.0 31.6 -1 46 5.3 
2003 8 6 22.7 26.6 32.2 -1 15 3.1 
2003 8 7 22.7 27.2 34.4 -1 53 4.9 
2003 8 8 22.7 26.1 34.4 -1 23 4.0 
2003 8 9 23.3 27.2 32.7 -1 8 5.3 
2003 8 10 23.3 28.3 33.3 -1 3 6.7 
2003 8 11 22.7 26.6 33.3 -1 10 6.7 
2003 8 12 22.2 26.6 32.7 -1 0 4.0 
2003 8 13 23.8 28.3 32.7 -1 3 8.0 
2003 8 14 23.8 26.6 32.7 -1 15 9.3 
2003 8 15 22.7 27.7 31.6 -1 38 6.2 
2003 8 16 23.3 27.7 32.2 -1 0 4.9 
2003 8 17 22.7 26.6 32.2 -1 3 4.0 
2003 8 18 22.7 26.6 32.2 -1 0 6.7 
2003 8 19 22.7 25.5 32.2 -1 0 3.5 
2003 8 20 22.2 23.8 31.6 -1 23 5.8 
2003 8 21 22.2 26.1 31.1 -1 8 5.3 
2003 8 22 22.7 27.2 32.2 -1 0 3.5 
2003 8 23 22.7 26.6 32.7 -1 3 4.0 
2003 8 24 22.7 27.2 33.3 -1 3 3.5 
2003 8 25 22.7 27.7 33.3 -1 0 5.3 
2003 8 26 23.3 27.2 32.2 -1 0 7.1 
2003 8 27 23.8 28.3 31.6 -1 0 8.0 
2003 8 28 22.7 26.6 32.2 -1 30 6.2 
2003 8 29 22.7 27.7 31.6 -1 5 6.7 
2003 8 30 25.0 28.3 32.2 -1 -1 6.7 
2003 8 31 23.8 27.7 31.6 -1 3 8.0 
2003 9 1 21.6 27.2 31.6 -1 13 9.8 
2003 9 2 21.6 26.6 31.1 -1 48 6.7 
2003 9 3 23.3 27.2 32.2 -1 8 6.7 
2003 9 4 21.6 26.6 32.7 -1 36 7.1 
2003 9 5 21.1 25.5 32.7 -1 10 3.5 
2003 9 6 22.2 26.6 32.2 -1 33 6.7 
2003 9 7 24.4 28.3 33.3 -1 0 5.8 
2003 9 8 23.3 28.3 33.8 -1 5 6.2 
2003 9 9 22.7 27.2 32.7 -1 0 4.9 
2003 9 10 22.2 27.2 33.3 -1 0 3.5 
2003 9 11 22.2 27.7 33.3 -1 0 4.9 
2003 9 12 23.3 27.2 33.3 -1 3 3.5 
2003 9 13 23.3 26.1 30.5 -1 10 7.1 
2003 9 14 22.7 26.6 30.5 -1 33 5.8 
2003 9 15 23.3 27.7 32.2 -1 0 6.2 
2003 9 16 22.7 26.6 31.6 -1 0 4.9 
2003 9 17 23.3 26.6 32.2 -1 15 5.8 
2003 9 18 22.7 26.6 32.2 -1 0 3.5 
2003 9 19 22.7 27.2 32.2 -1 0 4.9 
2003 9 20 23.3 27.7 32.2 -1 0 5.3 
2003 9 21 23.8 27.2 31.6 -1 3 7.1 
2003 9 22 23.8 27.7 31.6 -1 8 5.3 
2003 9 23 22.2 26.6 31.6 -1 3 5.8 
2003 9 24 22.2 25.5 31.6 -1 0 5.8 
2003 9 25 22.7 25.5 31.1 -1 8 5.8 
2003 9 26 21.6 24.4 31.1 -1 8 3.5 
2003 9 27 21.6 26.6 32.2 -1 0 5.3 
2003 9 28 22.2 26.6 32.2 -1 0 5.3 
2003 9 29 22.2 23.8 31.6 -1 28 11.1 
2003 9 30 22.7 25.5 31.1 -1 56 12.0 
2003 10 1 22.7 26.6 32.2 -1 38 4.9 
2003 10 2 22.2 26.6 32.2 -1 0 5.8 
2003 10 3 21.6 26.1 31.6 -1 0 4.9 
2003 10 4 21.6 26.1 31.1 -1 0 3.5 
2003 10 5 21.6 26.1 31.1 -1 0 5.8 
2003 10 6 22.2 27.7 31.1 -1 0 5.8 
2003 10 7 20.5 26.1 31.1 -1 0 5.8 
2003 10 8 20.5 26.1 31.6 -1 0 5.8 
2003 10 9 20.5 26.6 32.7 -1 0 3.5 
2003 10 10 20.5 26.1 32.7 -1 0 4.9 
2003 10 11 21.1 26.6 32.7 -1 0 3.1 
2003 10 12 21.1 27.2 33.3 -1 0 3.5 
2003 10 13 21.1 27.2 33.3 -1 0 3.5 
2003 10 14 22.2 27.2 33.3 -1 0 5.3 
2003 10 15 22.7 26.1 33.3 -1 0 5.8 
2003 10 16 20.0 25.0 31.1 -1 0 6.7 
2003 10 17 20.0 25.5 29.4 -1 0 4.9 
2003 10 18 21.1 25.5 31.1 -1 0 5.8 
2003 10 19 19.4 25.0 31.1 -1 0 3.5 
2003 10 20 18.8 25.0 31.6 -1 0 4.0 
2003 10 21 18.8 25.0 31.6 -1 0 4.0 
2003 10 22 18.3 24.4 29.4 -1 0 4.9 
2003 10 23 17.2 24.4 31.1 -1 0 4.9 
2003 10 24 17.2 25.0 31.1 -1 0 6.2 
2003 10 25 19.4 25.0 30.5 -1 -1 8.0 
2003 10 26 20.5 26.1 30.0 -1 0 6.2 
2003 10 27 17.7 23.8 28.8 -1 0 4.9 
2003 10 28 18.3 25.5 30.5 -1 0 4.9 
2003 10 29 21.6 25.5 30.5 -1 5 8.9 
2003 10 30 17.7 23.3 29.4 -1 3 7.1 
2003 10 31 17.7 25.5 30.0 -1 10 8.4 
2003 11 1 19.4 25.0 30.0 -1 0 8.0 
2003 11 2 19.4 25.0 30.0 -1 3 6.7 
2003 11 3 21.1 24.4 28.3 -1 3 6.2 
2003 11 4 21.1 25.0 28.8 -1 36 4.0 
2003 11 5 22.7 26.1 27.7 -1 0 5.3 
2003 11 6 22.2 24.4 26.1 -1 25 6.2 
2003 11 7 20.0 24.4 29.4 -1 3 4.9 
2003 11 8 20.0 25.5 30.0 -1 5 5.8 
2003 11 9 22.2 25.5 30.0 -1 10 6.2 
2003 11 10 20.5 25.0 30.0 -1 3 7.1 
2003 11 11 20.5 25.5 30.0 -1 0 9.3 
2003 11 12 22.7 25.5 29.4 -1 3 6.7 
2003 11 13 19.4 24.4 29.4 -1 0 4.0 
2003 11 14 17.7 22.2 28.8 -1 -1 6.7 
2003 11 15 16.6 21.6 27.7 -1 0 6.7 
2003 11 16 17.7 22.7 27.7 -1 0 6.7 
2003 11 17 17.2 23.3 28.3 -1 0 7.1 
2003 11 18 17.2 25.0 28.8 -1 0 6.2 
2003 11 19 20.5 24.4 29.4 -1 3 8.0 
2003 11 20 15.0 20.0 29.4 -1 0 6.2 
2003 11 21 16.1 21.1 27.2 -1 0 5.8 
2003 11 22 15.5 21.1 26.6 -1 0 5.3 
2003 11 23 15.0 20.5 27.2 -1 0 6.7 
2003 11 24 15.0 21.6 27.2 -1 0 3.5 
2003 11 25 16.1 22.2 28.3 -1 0 4.0 
2003 11 26 15.5 21.1 27.7 -1 0 4.9 
2003 11 27 17.7 21.6 27.7 -1 0 6.2 
2003 11 28 17.2 22.7 29.4 -1 0 4.9 
2003 11 29 12.7 15.5 20.5 -1 0 9.3 
2003 11 30 12.2 17.7 24.4 -1 0 6.2 
2003 12 1 12.2 18.8 25.5 -1 0 6.7 
2003 12 2 12.7 20.0 26.6 -1 0 8.9 
2003 12 3 13.3 22.2 26.6 -1 0 8.9 
2003 12 4 21.1 23.8 27.2 -1 -1 6.7 
2003 12 5 18.8 23.3 28.8 -1 0 3.5 
2003 12 6 12.7 17.7 22.7 -1 0 8.9 
2003 12 7 7.7 12.7 20.5 -1 0 5.8 
2003 12 8 7.7 17.2 23.8 -1 0 4.9 
2003 12 9 16.1 20.5 26.1 -1 0 6.7 
2003 12 10 20.0 22.2 26.1 -1 8 5.8 
2003 12 11 13.3 18.8 26.1 -1 0 6.2 
2003 12 12 6.6 15.0 23.3 -1 0 3.1 
2003 12 13 6.6 19.4 26.1 -1 0 4.9 
2003 12 14 17.7 22.2 26.6 -1 8 6.7 
2003 12 15 12.2 18.3 24.4 -1 0 6.2 
2003 12 16 12.2 21.1 25.0 -1 -1 6.2 
2003 12 17 13.8 20.5 22.7 -1 0 10.2 
2003 12 18 6.1 12.2 23.3 -1 0 5.8 
2003 12 19 6.1 12.7 19.4 -1 0 6.7 
2003 12 20 3.8 10.5 19.4 -1 0 6.7 
2003 12 21 6.1 13.8 20.0 -1 0 6.7 
2003 12 22 8.8 15.5 21.6 -1 -1 5.8 
2003 12 23 9.4 18.3 25.5 -1 3 4.0 
2003 12 24 10.5 20.5 27.2 -1 -1 3.5 
2003 12 25 12.7 16.1 27.2 -1 0 4.0 
2003 12 26 12.7 18.8 26.1 -1 0 5.8 
2003 12 27 12.2 17.7 23.3 -1 0 5.8 
2003 12 28 12.2 18.8 25.0 -1 0 6.7 
2003 12 29 18.8 21.6 26.1 -1 0 6.2 
2003 12 30 15.0 20.5 27.2 -1 0 4.9 
2003 12 31 12.2 20.0 27.2 -1 0 3.5 
